72100639338
56090452841
51101967279
86022171638
79111622214
04210311482
62011774965
91020434841
76100288974
87100958512
77051567921
76072425214
74102787354
70052453361
62081124347
80092019391
90110112229
54122318657
88062764959
92110696684
89051714586
68092721164
63021816551
72102297969
01281813811
82111758445
67102172394
72082391927
67091712883
79090624823
95062276728
90021022338
83080857443
04272736232
72042599222
06270576816
70021123697
05291478891
75060448613
79050893793
04311999549
91013151887
06210384114
80091839332
03302976725
86120259854
06282184887
59050472592
73053127471
74090571878
76071115921
86101377593
83031315622
04310176446
05292511939
90052177542
61012671288
89061881988
02300446559
68022553751
72071969928
94021267849
90020537134
95102294446
77012656486
79121242176
72071724149
84072689475
85083089197
98111436812
56010274366
52030186825
08240834876
92013028663
72080623563
58020982125
95091213219
82021093922
93092594159
59080161569
82081526222
83112681446
86062295653
00280816771
71011628976
64062332282
60072366639
71071857516
51052881365
00222949833
91033033222
89122582474
74022797837
80032146633
69083069375
70102352941
58110462119
07290147895
82012121924
96062823361
